![wpn_famas_felin_hud]
        base_hud_offset_pos              = 0.061496, -0.046903, 0
        base_hud_offset_pos_16x9         = 0.061496, -0.046903, 0
        base_hud_offset_rot              = -0.065427, -0.034146, 0
        base_hud_offset_rot_16x9         = -0.065427, -0.034146, 0

![wpn_famas_commando_hud]
        base_hud_offset_pos              = 0.075738, -0.056377, 0.072667
        base_hud_offset_pos_16x9         = 0.075738, -0.056377, 0.072667
        base_hud_offset_rot              = -0.051205, -0.055903, 0
        base_hud_offset_rot_16x9         = -0.051205, -0.055903, 0
        lowered_hud_offset_pos           = 0.132523, -0.036486, 0.061584
        lowered_hud_offset_pos_16x9      = 0.132523, -0.036486, 0.061584
        lowered_hud_offset_rot           = 0.067063, -0.745122, 0.158032
        lowered_hud_offset_rot_16x9      = 0.067063, -0.745122, 0.158032
		
![wpn_famas_f1_hud]
        base_hud_offset_pos              = 0.069958, -0.016846, 0.027666
        base_hud_offset_pos_16x9         = 0.069958, -0.016846, 0.027666
        base_hud_offset_rot              = -0.063164, -0.046102, 0
        base_hud_offset_rot_16x9         = -0.063164, -0.046102, 0		