![wpn_famas_felin_hud]
        base_hud_offset_pos              = 0.018609, -0.001328, 0.031434
        base_hud_offset_pos_16x9         = 0.018609, -0.001328, 0.031434
        base_hud_offset_rot              = 0.001703, -0.001289, 0
        base_hud_offset_rot_16x9         = 0.001703, -0.001289, 0

![wpn_famas_commando_hud]
        base_hud_offset_pos              = 0.036378, -0.034466, 0.124929
        base_hud_offset_pos_16x9         = 0.036378, -0.034466, 0.124929
        base_hud_offset_rot              = -0.004556, -0.002998, 0
        base_hud_offset_rot_16x9         = -0.004556, -0.002998, 0
        lowered_hud_offset_pos           = 0.132523, -0.036486, 0.061584
        lowered_hud_offset_pos_16x9      = 0.132523, -0.036486, 0.061584
        lowered_hud_offset_rot           = 0.067063, -0.745122, 0.158032
        lowered_hud_offset_rot_16x9      = 0.067063, -0.745122, 0.158032
		
![wpn_famas_f1_hud]
        base_hud_offset_pos              = 0.045052, -0.018195, 0.056817
        base_hud_offset_pos_16x9         = 0.045052, -0.018195, 0.056817
        base_hud_offset_rot              = -0.061457, -0.041838, 0
        base_hud_offset_rot_16x9         = -0.061457, -0.041838, 0	